.Random.seed <-
c(403L, 10L, -1359803051L, 1485680236L, 1694427842L, -587240163L, 
-1059167337L, 852293374L, 67642552L, 321001115L, 290272505L, 
-314489272L, -993975946L, 252610737L, -165753629L, 1806990258L, 
-1064819708L, 1556866887L, 1707785757L, 1856656532L, 342373434L, 
-559772027L, 1152315231L, 565358566L, -1536851344L, -1500682861L, 
1152807473L, 813002976L, 1287432574L, 330353673L, -1954702277L, 
-1395056118L, 842967532L, -1249546641L, -228638299L, 1315395932L, 
2105918770L, 232389677L, -1298165017L, -1107453938L, -879752728L, 
261114859L, -47909751L, 1968631832L, 346632006L, 1596157345L, 
-1349311437L, 606693794L, -211432300L, 926870295L, -1723685619L, 
-1664871388L, 2082259978L, -1609770635L, 1609072847L, -55200810L, 
326839168L, -1432936509L, -603121311L, 1649700816L, -1765710034L, 
-583796007L, -1063069461L, 434252122L, 382661404L, -1679710689L, 
1196883573L, 49568524L, -1950951710L, -1286456387L, 1207163959L, 
-2032333090L, -1674548712L, 832157051L, -508728039L, 2000105896L, 
48940374L, -123652655L, -387887741L, -9726958L, -1751588956L, 
722106215L, 2028643517L, -950627276L, -647309414L, 1079804901L, 
856588159L, -433545466L, -1538140016L, -1707151053L, 1673324241L, 
-1364986752L, -2139196066L, 1388464809L, -341387941L, 1593526122L, 
886214156L, 463963727L, 698206981L, 1217842108L, -1885610350L, 
1800027533L, 533163463L, 607375022L, 1884497672L, 1448424715L, 
778879977L, 690156728L, 2140988262L, 980420609L, -183773549L, 
-1163302590L, -1171503372L, -727133449L, 795525869L, 95837572L, 
668324778L, -2141591275L, -291396689L, -1583973450L, 1346822624L, 
923730211L, -1529301439L, 386988336L, 71748430L, 356897209L, 
1459604427L, 1052557434L, -411065988L, -1987202625L, 1261342357L, 
843232428L, -1794253182L, 2057827933L, -229009065L, -499841986L, 
1828882552L, -1467722917L, 1363641L, 873530120L, 1330952630L, 
721929969L, -793489117L, -812678286L, 99461572L, 610783623L, 
-916739235L, -619027116L, -1769994374L, 817948357L, -1146558433L, 
811012006L, -935300816L, 1136094163L, 1342419441L, -1771612384L, 
-781508162L, -433434167L, 639010171L, -1268894902L, 1822634924L, 
451189423L, 591784037L, -261388260L, -332265870L, 702568685L, 
-852354777L, 1295877454L, 404047272L, -1376550485L, -1844331831L, 
1052682968L, 1457166214L, 780077665L, -1883155469L, 1189676642L, 
19947732L, 296249815L, 1852349389L, -345690268L, 1094351690L, 
1151077045L, 1603648015L, 1695210262L, 221148608L, -133192317L, 
1768942497L, -1028312176L, 1981149294L, -733784551L, -2110687573L, 
1438993050L, 604714588L, -255351969L, -379183819L, 33983692L, 
-629377502L, 753584253L, 1548300663L, -1092772194L, 1562807640L, 
-836764485L, -1071529383L, 356280808L, 1641745430L, -1467140207L, 
-808478653L, 839081810L, 1279828964L, -396232153L, 509579901L, 
-291288204L, -1131436198L, 1709089189L, 746995135L, -2138546618L, 
128904400L, 1460160243L, 1640448017L, 149759552L, 893946398L, 
920192233L, 291745307L, -819605974L, -1885097652L, -61310193L, 
-1882001851L, -479766532L, -1439642030L, -2081882310L, -1130702000L, 
1906273900L, 309708948L, -2092394158L, -291268896L, 1853184716L, 
-1368096608L, 1594755970L, 566747880L, -1970191636L, -116478916L, 
-609764750L, -844725136L, -1380221404L, -1575904200L, 101582874L, 
-529925424L, 1756945468L, 1890722964L, 1993776258L, -997318720L, 
-1093701316L, 1125022352L, 1192293410L, -834235384L, 1320970380L, 
-320936932L, -2050441582L, 698991744L, 220876820L, 586685736L, 
-527720902L, -1809920816L, 1482056812L, -1076448588L, -1459019758L, 
1431148512L, -95938612L, -685568544L, -1731918302L, -307019480L, 
1098520844L, -1408899524L, -1260818190L, -927632656L, -751516860L, 
-1598987688L, -1601746374L, 974257904L, 1204024508L, 250435092L, 
36419778L, 1384417376L, 1676236156L, 1730270416L, -661513182L, 
-1333640536L, -1171511412L, 48083388L, -36154318L, -2117576896L, 
720103604L, 1697626952L, 422025914L, -599271664L, -461389588L, 
980014164L, 1943822098L, 1762417568L, -17301556L, -1160529056L, 
-532000574L, -1407965656L, 1497277868L, 324132668L, -280623246L, 
215292720L, -1565113820L, -1546561480L, 1576690906L, 1455974800L, 
-1767110916L, -714477676L, 1029925698L, 347955712L, -745194948L, 
1240366672L, 161020578L, 124050248L, -2146409972L, -1922880292L, 
-1489708462L, -852391808L, 163158868L, -159204888L, 1101023994L, 
-1958447280L, -1862910932L, -805128844L, 933889682L, -463717792L, 
1784988300L, -1246495904L, 1651761890L, -1702084440L, 644022476L, 
-681948676L, -2108190798L, 1027266032L, -736868924L, 1402183512L, 
2140924794L, -1519446608L, 1214650812L, 117483604L, -870077502L, 
2087027488L, 1483276220L, -1395439024L, -1244037662L, -1888349848L, 
627674444L, -215594756L, 897082098L, -1480124672L, -953334156L, 
799238152L, 632011194L, -1864132656L, -1545348628L, -1178218604L, 
-1425673518L, 281112160L, 1175946572L, 1865930016L, 1413567106L, 
-1868453400L, 1867843564L, -999983556L, -465490318L, 165159792L, 
104130852L, -1555353032L, -2014805606L, 1266584016L, -1101914692L, 
-542562156L, -2052653950L, -709835328L, -403029188L, -2079361904L, 
1812439842L, 409284104L, -1732776692L, 1472468380L, 1240587794L, 
436669312L, 350987028L, -1849618136L, 1993436218L, 1046932432L, 
-498630036L, -1090078156L, -482698606L, -620520096L, 1180584268L, 
1784666080L, -1035528798L, -1945371224L, 1163880076L, -1744945732L, 
-549458318L, -1761608720L, 625882692L, -1300203432L, 1003116602L, 
1764550768L, 527939644L, -1489225452L, 1418232514L, -417886496L, 
1065052284L, 1600147152L, 2056853922L, 1655795752L, 1027037964L, 
1435685308L, -418622670L, -1632298304L, 1790125108L, 1567692488L, 
-825133894L, -591071600L, -1907609876L, -1914312108L, 255099538L, 
375750944L, 1877174732L, 246465248L, -1680893758L, -551046104L, 
1373861804L, 112722620L, -1379169294L, -1359008208L, 2027677604L, 
701345208L, 492070746L, 1988538512L, -1243782276L, -743108332L, 
1430079810L, 747268352L, 239340988L, -235665072L, 1180772642L, 
-1926675896L, 1055156236L, -315865508L, 1819716050L, 354946560L, 
-324084396L, 151260392L, -622130950L, 750493392L, -1501934804L, 
1058145283L, -2141378747L, -1198443678L, 251944144L, 922683385L, 
-1773466837L, -1217838948L, -374219062L, -616085569L, 626418441L, 
1583848478L, -1215650356L, 478293917L, -677627353L, 263723088L, 
-1692630802L, -1446359653L, -1617087491L, -1613164822L, 1456822664L, 
-1869891791L, -279943261L, 39956388L, 187238994L, -1492557401L, 
-121793039L, -542645962L, -2039842348L, 1621987173L, 500055919L, 
-287571544L, 1913132806L, 862540339L, -1225944939L, -175394574L, 
-1226004160L, 48649897L, 442298139L, 1314732268L, -1761897222L, 
312433967L, -159364807L, -14288050L, -289848932L, 14981901L, 
-1932628617L, 2089118080L, -233197602L, 682465451L, 1673841581L, 
-435867622L, 593209048L, -844748991L, 1777309683L, -1642833388L, 
874480546L, 1800699063L, -386312575L, 1301982854L, 331617988L, 
39114741L, -1069154721L, -1429907272L, 2003000726L, -1241313373L, 
-1723071643L, 1171219074L, 1835184112L, -271992423L, 1161344907L, 
628425340L, -422735702L, 1097773791L, -1570733975L, -433227138L, 
83411564L, 276250301L, 1573651335L, 1806690160L, -226456050L, 
-663907525L, 530632733L, 477169866L, -290663448L, -116105007L, 
1134902467L, 1351304132L, 1551100018L, -178079417L, 709223697L, 
188391574L, -1161058828L, 338212741L, -741906737L, -1802177592L, 
-1609588122L, -1940145005L, -1554443275L, 1270117842L, -1915550176L, 
-721852407L, -1606234821L, -438648692L, -537793254L, -1276025969L, 
-1771168551L, -1827835026L, -554753284L, 1022005357L, 1213889559L, 
502480352L, 1437051326L, -202571893L, -204193779L, -596252614L, 
629065848L, 2137662497L, 433567443L, -217725452L, -517839230L, 
2062041879L, -921988639L, -1489314010L, -2031416796L, -1460949803L, 
-215425921L, 587174168L, 1451212854L, -824650045L, -942171387L, 
2093055650L, -1816327024L, 361897017L, 1616573675L, -1293818404L, 
2059897866L, -765367553L, -1683389623L, -603391778L, -1893144948L, 
862736989L, 1162211431L, -301109872L, -1154425426L, 186599515L, 
78086205L, 1734366890L, -160992440L, 208402289L, -1582014237L, 
